#My R script 
#hfhfhf

A <- 5


545454
kjkj